0.134397948487
0.887821113966
0.736961423202
0.424984122246
0.66035278625
0.860308573874
0.280806470765
1.11610095687
3.55489945341
0.564933024228
2.40633242792
1.65387120428
0.567801286583
1.09632097087
2.51700710903
2.7420500918
1.15116234951
2.69747175872
2.65932913222
1.34964992985
2.14763841934
1.85542018636
1.9977210061
1.35015982641
0.659047792145
0.332286224807
0.36505781897
0.940710278979
1.17891343506
0.568835715064
0.55769192771
0.642921280369
0.36516791014
0.652250137148
0.524645186062
1.07849267704
1.18166875403
0.985450479272
0.860388793294
0.4621194312
0.148757177278
0.646222052776
0.563389218037
0.327878993267
0.606122627734
0.370884401667
0.543172686498
0.31941872782
0.0999398823475
0.432594396457
0.110477852953
0.555342844288
0.264230611972
0.338125712557
0.040765002251
0.308063055413
0.304677067847
0.0984811336379
0.211522949501
0.121267334867
0.125429529715
0.322143613048
0.343752218166
0.347639054849
0.336080904398
0.303923333527
0.253295981636
0.242733334561
0.26921063173
0.154475471288
0.536091004559
0.187347113531
0.112441146394
0.351926607566
0.425872691257
0.490651982063
0.131352253976
0.253286405476
0.515763526607
0.255207494684
0.267577106598
0.419985774826
0.111592608919
0.213480673989
0.228612563305
0.470002219518
0.0770625185424
0.365212911569
0.558686280855
0.861600239046
0.791925133229
0.766336560645
0.972094264172
2.27815123685
3.64818294904
2.60729862597
2.33691637243
4.49320681144
6.34719242613
6.88502192765
2.71256288852
7.79574781147
9.60190210546
3.185211811
4.90803711147
16.0074187316
10.7552092194
19.9764084784
27.0301146498
9.81833109673
7.51406596803
3.03241730488
3.52536218579
1.16369541434
1.24485236511
0.896942611111
1.13761455342
0.963471838053
0.371041401783
0.924515246827
0.954761381113
1.02803428227
0.414320712434
0.53179195343
0.60481312739
0.604475355688
0.690554393994
0.473372835054
0.655407952795
0.232508521522
0.590431830321
0.554344347336
0.449799559964
0.165477661212
0.733677166997
0.637769460092
0.347128401061
0.893431902365
0.67529803557
0.586503011181
1.07019870048
0.28687984571
0.451026834217
0.477949395414
0.6064789791
0.731273241681
0.71429095661
0.763159111645
0.337218760164
0.547519413698
0.488726739966
0.89822876598
0.363554696799
0.580096357319
0.461529025408
0.615728313012
0.629268715366
0.647805865949
1.31436586657
0.926147316474
0.577243801851
0.427510373684
0.467766385301
1.04647364186
1.40899291091
0.401109401567
0.63740900803
0.472267234933
0.290698557842
0.107728035294
0.416891750743
0.3588440718
0.676533287432
0.527190188878
0.388752454092
0.258755153182
0.819104622584
0.50085722289
0.549496936079
1.02722076722
0.742042012032
0.613764130872
0.440157235897
0.35101706028
0.145972775431
1.32225012114
1.68840422142
2.28386219836
2.15565413205
2.5055778478
2.3907297869
3.22204896298
3.53326447513
2.09339186498
2.50882004915
4.08064134587
5.30221391872
4.13527431417
0.873008220608
4.68748833443
4.2274262035
2.18867080983
1.8623298746
4.5285962305
6.00149571958
5.41224858623
11.8708820157
2.38634575857
13.2730235599
5.22546303046
3.33752772707
8.76583140127
5.8782966155
15.3276291921
7.10071894767
9.90171760795
10.7994009034
6.73510157876
5.08797178973
2.21836730658
2.38689170221
1.82094998327
1.8598032353
0.46602863176
1.21483888956
0.82093155309
0.753767637746
0.618448078399
0.53926339692
0.639781938982
0.414801912994
0.35093753074
0.572550108793
0.172023668602
0.558939162519
0.906956099779
0.0128065475256
1.14392899832
0.294830973834
0.590771676217
0.442532154571
0.0753110594817
0.504015466791
0.615184159348
0.284044600195
0.316665501592
0.141502470442
0.640046630586
0.298034691979
1.04611974233
0.0734695457
0.51535154976
0.112768981178
0.0371099464583
0.273826724561
0.356313003733
0.504485464508
0.333420344373
0.4838483298
0.388772150585
0.420387919911
0.151552938961
0.129904122977
0.28093745722
0.136272453036
0.477999050372
0.767995480776
0.45174028912
0.268574159302
0.349198439217
0.549065729421
0.470366752713
0.27325116637
0.206464087107
0.114122063941
0.30760541353
0.517970000345
0.92467751485
0.301281377991
0.201079580805
0.416805597831
0.259818768102
0.492902429084
0.417224372974
0.279853672996
0.658675617734
1.41809499889
0.771532804999
0.788652784651
1.0400587252
1.37027659632
0.517113478167
1.61875447647
0.951019334386
1.490447058
0.918156383658
1.55992182229
0.733481705212
1.13861682905
0.760131682419
1.38068465511
0.747198272424
0.870328559964
0.62787319036
1.10363844366
1.42597549659
0.360018237288
1.98480878925
1.70047101148
1.27370557649
3.74097015703
1.83288300354
2.55475354931
2.22994577873
2.59344378871
2.91509880945
1.81882965594
0.318102947525
4.02610860348
5.43121452057
5.79026007174
8.09592986256
1.51421307053
4.59462541455
5.27754905521
6.57757013167
7.10857578425
4.18338714733
2.0018180534
2.03418921084
2.77184417416
1.49543243837
0.835318380499
0.722231881598
1.48489738089
0.369812557776
1.0481793903
1.20636222429
0.498719499718
0.362918013242
0.848672126832
0.222990603128
0.628292158616
0.0656198724407
0.580094382903
0.809191580946
0.609863079879
0.487439475164
0.601843435212
0.509329593207
0.509392066828
0.260898847276
0.71231398628
0.354834125314
0.326272826036
0.562580088561
0.544179935011
0.372092924605
0.307583115285
0.101040692246
0.674026265621
0.783172459674
0.569707608034
0.309587788915
0.0893413863566
0.633397225802
0.227186358837
0.566367468169
0.419956771355
0.693907416631
0.982001061213
0.57051561775
0.702063348064
1.15456966846
0.809703347556
0.643085447827
0.250753041977
0.502965806283
0.890181390328
0.809055760484
0.0231450738894
0.651678050185
0.9644710149
1.22232780066
1.33788839993
0.466725461716
1.70319792625
1.925852266
2.15183075153
1.56220989699
1.95584678807
2.462093506
2.19570479547
1.72547999912
1.19521958433
2.38329704887
2.27940901853
0.893273356764
2.25313430802
1.74096586172
1.35216074748
1.24791694377
1.33249576534
1.5586463562
0.661727429874
1.84065372451
1.03324326012
1.04863434725
0.886125288622
1.27095734343
1.42658138659
1.54148951724
3.77894782549
0.983565704325
3.29961230076
2.97469126286
2.71479835967
3.79550549346
1.54137995183
4.70380335337
1.55323943868
6.17282086674
2.01041597936
3.64431520479
4.6826117017
4.81215661408
13.2025921006
10.386406968
13.5230148337
14.6094635445
1.43410608345
6.52966395782
8.13153894244
13.6828798288
16.2999117311
8.59534659933
7.73430920503
8.87216186933
8.41844608392
4.63567604692
0.572430226029
2.30199089111
2.79988592047
1.80883658929
1.32789325613
1.26476873034
0.548672481859
1.30012801886
1.08275686222
0.580788567828
0.274985091039
0.869304605848
0.654938999485
1.14982689529
0.97571486283
0.614356767339
0.537132019729
0.879121906257
0.88320656235
0.625334008451
1.07827695306
1.20381876337
0.749079941054
0.469301914833
0.283851941324
0.521645248829
0.15082354629
0.914839069831
0.709785386753
0.560161901154
0.229167223467
0.284106684566
0.723648424433
0.617983198942
0.441985430228
0.357543019498
0.59851295067
0.691998974322
0.514935965419
0.108602027695
0.882953087941
1.05528148809
1.61548971003
1.29585619617
2.19062785399
1.13831595901
1.64489276428
1.169701162
1.41020443126
1.37569677392
1.38388308636
1.3899700359
1.62124825505
1.19838342724
1.52347821925
1.9934559873
1.47926109804
0.986288508508
1.51099847565
0.637031145446
1.93562807243
0.636036102981
0.920527932841
1.76271631186
0.880575296499
0.726759171176
1.53549836165
1.01985889671
1.05863371094
1.14374566911
1.12721692519
1.12941497425
1.53848376139
0.373505629628
1.07894867491
1.12216943734
0.6642716271
1.0382609417
3.00838944589
3.41103519515
1.44153255798
1.46699283597
2.26653075281
2.40064973239
2.75618376258
1.01740183719
2.90640575022
2.6465462344
5.92441124077
3.83881283946
3.50177099234
7.37473212576
7.50672188565
9.72314683181
12.4692792718
5.2804922233
10.6969213315
8.16763330793
6.95826557737
7.72090286618
3.90580205075
13.2712816665
13.4748282785
9.62234043362
9.50327652516
9.42460904284
7.8288067869
5.44310295145
3.07868475189
0.615946443569
2.85962101442
1.68860598686
2.22711517955
0.996235068638
0.614435338636
0.824102141201
0.29503124176
0.634438111933
1.01607355214
1.25219134232
0.235245844484
0.680429205848
1.43024022118
1.27807707836
0.65986320793
1.36394328519
0.745272861089
0.50594502622
1.00350794904
0.251244452124
0.699607374685
0.679918573166
1.00573418453
1.16542782561
0.501486059903
0.630685441968
1.29293966759
0.124393763454
1.30267817547
1.10703768481
1.53816126516
2.37071081163
1.55058689215
2.25939354484
1.64541130673
1.3802375999
2.49758990745
2.25106552981
3.28537236142
3.23006712554
3.34914999767
3.71102062565
2.38113953143
3.62027485213
2.37887096234
2.42346424358
2.95705350156
2.93949847194
2.59080582464
1.3645091303
3.45699220895
1.08093029484
2.25341984645
1.10485607662
2.12992126817
1.76725699762
2.06772698666
2.49204477986
1.32818503429
2.09479138899
0.34387390126
1.79808119835
0.916109340534
2.18130638593
1.02640061737
1.67736756801
1.61255487037
2.8380798644
3.41864598657
2.2767280104
4.9153773602
2.73503690348
2.72319052741
3.77040852073
3.6184371827
3.66939155704
4.62454433584
1.88799949318
3.06625717344
5.17935060065
6.46705893697
5.6446761606
4.62643543863
8.66520705114
8.70233302687
9.89168900524
8.70594263178
4.02801102723
11.3513681749
20.9610240372
14.6391172694
23.1248499062
22.8942243832
7.07091525069
16.492442026
8.08293351399
21.2980422408
19.1542443432
6.82940824031
21.4432696456
15.5437781282
20.5405233953
25.4401235949
26.574329318
20.9809719902
17.1084883234
14.8383882747
8.83035346157
7.18976106153
6.70789573506
7.32583017309
3.11099462867
0.708824543033
0.72385222149
1.95636880772
2.21326360875
1.41995761859
2.44366393976
0.0538362938173
1.08821126722
1.46188082825
2.69024024302
1.41154023303
1.90756281553
0.690421918941
1.19860708134
1.67122735763
0.726567603526
2.76086613386
1.9867905865
1.45057099951
2.74218544758
3.0935414568
2.23573911132
2.48912331898
3.67646452183
3.16786582251
2.98830804511
2.1585746419
2.10048431618
2.46170336329
1.72979613481
3.19368304238
2.94079340044
1.95966421045
2.8865062939
1.70952777704
1.9216967771
2.75949444155
2.52160912196
3.07758975474
1.68253375244
3.43554629579
3.32001749314
2.81237048991
1.87679418784
3.63516172326
1.77658768122
1.96922471484
0.645349668324
1.23786268308
1.42759197758
0.750599786012
2.26026052651
2.84086809857
3.84038118467
2.8628876948
2.53163187936
3.1036291911
3.12560104315
2.04207555353
1.60549912139
2.15971743916
1.11113140678
1.49336198997
2.13108040918
2.64853817157
4.42253190543
4.75452172594
2.99826273677
4.37925982974
10.3598899246
10.2244915949
9.95265333302
5.10409760735
5.67999792678
7.85792617969
8.81520308369
4.6328824874
6.70765098576
13.4147602861
18.6058098871
18.3000727429
16.3081916422
13.6591030238
15.7370774383
22.8333891735
25.7134373871
14.4891166884
13.526557109
11.2888040033
4.53144146787
9.50296795347
3.55343942659
15.7030256781
11.4112455773
6.42101132052
8.31771367244
5.09631010291
11.5755798099
12.991637756
11.0227789931
9.86911244959
11.0705852882
7.64636393235
3.27091299708
2.90980821978
3.63786781913
3.21090670394
1.21245973434
0.154349658795
0.239134761719
1.86046569057
0.785790597301
2.84704064986
1.35453661038
1.17756864071
0.941730191274
1.34277878227
2.24911482671
1.74928183567
1.70611587684
1.74128419647
2.41311269401
2.89058340234
3.37099844837
3.08115131777
2.68141162984
5.49730855823
1.49581929443
4.51275631061
2.97394604638
2.61457327821
2.80086282759
2.19090817064
1.88493119354
1.93931206659
2.75601025545
2.39398554529
2.95526391052
1.22206940972
2.51266425435
1.58565078256
0.889627206024
1.83902508962
1.39947813165
1.13040420163
0.703881889428
1.38289771382
0.697551287818
1.31073759487
1.09147690379
2.0198811769
3.23541324523
1.32450460827
1.9665408184
1.52434075297
2.67079108831
0.251716794342
2.2380997323
1.55347367567
0.732578939482
0.111928320488
0.292529702696
0.785049384689
0.370153402195
1.7544965157
0.346662131224
1.58582819227
0.913410869748
1.73589422661
2.69308565955
2.9478997102
2.15118769307
3.01823592936
1.76106553845
2.07329976872
4.36786489077
4.73325486992
5.56892556832
2.52323023469
3.61879566696
2.75476742288
5.03115739846
3.40198992602
3.34393241325
4.81635380297
7.48673027226
8.67782625521
8.87038207691
6.35851337242
7.00112523715
9.89151359466
9.60806799645
12.7743411159
13.8449964045
5.46478584532
7.62332077904
4.04313742921
5.88263907889
5.7628803795
3.78782699271
9.44051049244
4.83301644953
6.16721634479
6.01162192102
1.37575266099
6.41489658425
7.27378453039
7.89423013037
10.1147846617
11.4680510094
8.60543251106
5.54485845506
5.46662016566
5.48979394281
5.30065868746
3.66487580425
0.898339637414
2.38166851399
1.14739509251
1.28941335095
0.304473708865
1.38594881437
1.25169886017
0.357332156151
2.64116819199
1.78406629827
1.91269899435
1.68974189965
0.572149059147
0.934068758715
1.21360436678
0.937314717785
0.906952350109
0.701176228261
1.33092560408
0.964876301339
0.881385638856
0.432670483532
1.47100006402
0.973916123259
0.913974181359
0.438679206445
0.912848309521
0.88326811129
0.314005408873
0.209844651314
0.0260872400342
1.09790248317
0.368443901971
1.4603400089
0.922443072404
0.424607285064
1.39534590108
1.88211495019
0.914120397848
0.244130486013
1.067841464
1.76029504555
2.6041390105
2.19233847898
1.66636963155
1.33905162725
0.286278269833
0.980824537414
0.896483680349
1.67814793095
2.34904639416
0.862781809179
0.597534947183
1.05058918194
1.35861915938
0.738566303429
1.25004707637
1.00401206362
1.38771314721
0.993923395261
1.39112937399
2.39758168884
2.49018152786
0.833533534282
0.874666404965
0.884093593649
3.18093548886
3.37841362604
2.65849507457
1.54448100864
1.64892234527
1.77660640401
2.84217215154
1.35277802422
2.14917409567
3.70850867332
6.26457083791
6.55177425787
6.15479865252
6.01807287138
4.97283416485
6.09751457272
7.18337110518
3.98793390482
5.59452278474
4.63747772844
2.97813623831
4.76121154459
1.20774172601
7.05304462877
4.46755718427
5.99926933918
5.99891206962
5.03088888142
9.18060672047
6.85455564264
1.52602565303
4.43000055543
2.8427116938
5.00036121435
6.25845386318
7.80308990566
7.77425319298
4.68896414153
4.84515206251
4.75707538062
2.28265912769
3.36188887146
2.30576410073
0.398743103086
2.07022098086
0.955371080738
2.34288194204
0.544337481229
2.32563288974
0.868148158038
1.55239654347
1.5760273458
1.83667258034
0.758337348889
1.39166565822
1.38004197555
0.314099457039
0.977907975122
0.617856923208
0.873499322445
0.852034029044
1.00591238229
1.10104019502
0.884612660751
1.17801729995
1.0009192161
0.877752108602
0.230054281165
0.456668104228
0.715127056303
0.190637316171
1.08214801893
0.102599416751
0.968150704747
0.509138156268
0.704878132803
0.218742103845
0.12600159034
0.58733991087
0.598889909161
0.665449190734
0.572239639755
1.13543922864
0.293064554498
1.41548122511
0.367334262268
1.26370981812
0.0480273047622
0.899427930557
0.751879395058
0.902917763531
0.379694236201
0.962649696813
0.767232129045
0.353550847365
1.32746515018
0.837234751264
0.742346423786
1.02851598728
1.77748309994
0.494736906741
1.70473803938
1.15949850443
1.6921833124
1.09140650647
0.517036371201
1.61536626317
2.45536314674
2.68384528651
1.30453973555
1.0036388749
0.59186507132
1.91575227668
0.514585662202
1.05975321373
0.845100074175
3.3040418389
4.03012897814
5.248345985
4.9950371862
4.61682230349
4.93709222195
4.21350050984
5.18639954748
6.25756156689
3.46097563188
4.94551866834
2.28703627923
4.92719449832
4.56495255907
1.68903259436
5.79667218819
2.52340817365
6.32452541879
5.49659351059
4.91123158925
8.90714404986
4.37308998212
2.13542664891
1.49407888877
1.59774304967
3.87315721146
8.44894417244
8.27141359686
8.20844704847
9.28719821752
7.15345724923
6.90959693268
6.6036683672
4.58759637305
5.57550257786
4.71147610017
2.10992722098
2.02826589544
0.636044123621
0.768265883089
0.320363325365
0.288311761262
1.57247337371
1.94823031097
1.91568628396
2.50192039705
0.496849789115
0.758576458732
1.11152006479
0.419079224766
0.691497871979
0.467053153706
0.327229486234
1.51800889064
0.35005152303
0.702312553584
0.195847635033
0.645183317834
0.657303849505
0.408021915779
0.233592354253
0.25170778217
0.165607763992
0.375520108838
0.921009542961
0.505109292909
0.619390504834
0.482238516272
1.44109984718
0.741909921508
0.323768685182
1.01409672761
1.11865026191
0.507736171617
0.216460825292
0.440415485305
0.354887029974
1.23299685819
0.873484245494
1.12428617476
0.55048595287
0.824593519402
0.606605573947
0.367446229526
0.712322511664
0.70254120444
0.991871679636
0.851210834411
1.81280228606
1.18540844675
1.82912109643
1.00888896263
2.14324068045
1.72908958201
1.85134995213
0.116569061501
0.490523686343
1.70638715491
1.69327257388
2.05219882323
1.78762726533
0.550664596584
0.896289977755
2.66812442625
1.76854784147
1.47142560511
2.10227280953
4.86156084574
5.88187414289
7.40483539024
8.77133004598
7.08234029299
6.51112179188
6.7137076865
5.96558474589
8.7555365826
6.25440541918
3.01447277782
4.49942299659
2.93870917525
7.77796375943
7.92407906868
3.03614450996
7.40779481033
5.36516838695
14.0170542882
6.11154936425
5.67782202653
10.3664556735
7.02858819255
4.68617326702
5.60718125202
2.1437276226
3.55571887805
6.74057862694
8.11613266105
10.7648551052
10.7940271087
9.06836300054
7.23959127901
5.58459249865
6.0278787578
5.60260291674
3.33125717514
2.46326198301
2.20386523742
0.925849958628
0.248470337699
1.08189625628
0.865771016161
0.401346163299
0.821060627049
1.32082092008
0.815431993452
0.544633635287
0.826835399815
0.536370028911
0.584962940434
0.4942842764
0.20078200069
0.276647591653
1.18637140075
0.255568970674
1.15767139054
0.965572422952
0.531534222241
0.956705765232
0.341438676419
0.65067225866
0.510772485841
0.929019432459
0.6105108345
0.532584136856
0.6603595985
0.206662706638
0.467018519351
0.221416409677
0.682310673582
0.191007228639
0.865830696785
0.460517138868
0.59095134161
0.352001967599
0.799978058324
0.516588502893
1.23542071055
0.336018747877
1.16643154779
0.407176494274
0.378203413599
1.00724115973
1.26156470598
0.782361194625
0.679445056323
1.44745474809
0.338716426576
1.31099196878
0.844590655792
0.98115323291
0.783042349297
1.9569046902
1.58826051443
0.827852287762
0.676600864916
1.40474914974
2.02876671394
1.92690724912
0.940941033787
0.30925655078
0.771509054142
0.902228830582
0.514013543456
0.750228947838
1.46902529567
1.82438935145
2.06453243392
2.96616078807
3.1648448076
3.1545810396
2.5537302143
2.11345399889
2.24705899051
1.28586480603
1.33561289173
1.62492227099
0.353721338541
1.42992801421
0.490475279103
2.30337654207
1.47301754746
1.31080094155
1.57304830362
0.890433076157
2.75829363292
1.59886522027
1.37831340044
1.79474073128
1.21198970553
1.42096632808
1.23453155093
0.587296270685
0.120428419277
0.786707579787
1.70445734741
2.59805915196
2.94908482078
2.18565465416
1.91224757254
2.0729387447
1.68518702498
1.54764399866
1.35646359369
1.17189190294
1.32159884998
0.674059376742
0.308287095513
0.272155927423
0.105883713352
0.228719829978
0.485570465341
0.661335632033
0.658943897421
0.596628093742
0.362168908893
0.367013462727
0.157014501646
0.371416506597
0.0742515195832
0.226135984181
0.165713783857
0.308707374355
0.0334246564579
0.173474257664
0.301440558536
0.20686656159
0.109005055592
0.170893127042
0.205142298569
0.0713609527383
0.0819844716303
0.118351476326
0.247791557895
0.135948151426
0.179956723075
0.209323287154
0.487742090597
0.222170217103
0.2633508968
0.231906610649
0.31639318863
0.279677078217
0.454323478406
0.319072733579
0.299717123346
0.208888828632
0.408934933384
0.461223905771
0.160969721597
0.233505936667
0.330374272107
0.428442848162
0.194985404456
0.519118705573
0.551925781361
0.353406384375
1.06964001607
0.415369568836
0.823003534561
0.162035350508
0.193004275278
0.847613807225
1.0361692155
0.738987595986
0.350971959302
0.1330773521
0.271232894297
0.18193131127
0.641586574356
0.51692477455
0.526040744022
1.11762639195
1.74968520601
1.31687331412
1.602405538
1.40284798942
1.28899192438
1.2505772307
0.74593489631
0.591440043434
0.619683724973
0.184194194291
0.561776569596
0.347567083386
1.05360904139
0.548077693635
0.824080835021
0.766520781262
0.858087697075
1.47264616878
0.580185329208
1.07841845107
1.48413860143
0.847241089824
1.01299108826
0.590071757171
0.710373229933
0.853766400948
0.859994716114
0.673138103773
0.716578719448
0.436860144358
0.562896001958
1.1224628507
1.16660406517
1.13476142261
1.10839699095
1.04961285063
0.821275600777
0.769551554814
0.623242367616
0.428409286907
0.59037267507
0.34063685604
0.269369661157
0.217033713212
0.0908924573986
0.158408800651
0.142027291254
0.268273226816
0.222577938388
0.0719510399332
0.16222010381
0.14090772548
0.0534036716853
0.242585950852
0.138598498736
0.0448209785317
0.0922120996768
0.0776128741478
0.0728218800172
0.12866286271
0.130616820691
0.143565288989
0.253797619901
0.134537529288
0.0668302780201
0.238564426252
0.184357448962
0.062195416084
0.264273777175
0.162082860889
0.228604617357
0.134264186814
0.0215797740925
0.122509472795
0.210302673351
0.149685977162
0.114179956707
0.125616773133
0.190824829418
0.296673598841
0.206421029514
0.154954787297
0.2220123199
0.309631381439
0.147272525699
0.063124772558
0.357786584402
0.206208473444
0.334320705963
0.376098652207
0.636232708237
0.293156697173
0.409178897396
0.322121119234
0.117342352653
0.388205995472
0.44904159095
0.42011303629
0.185676667561
0.2801904134
0.207028076374
0.263923916647
0.383683299491
0.217233859259
0.114758064924
0.39298821672
0.581616887985
0.62672537854
0.851951740017
0.742560961067
0.621186462415
0.651293323297
0.508099820568
0.597100485936
0.292067875599
0.285032685721
0.38457220738
0.163392312573
0.433147434781
0.137121411736
0.523234308939
0.498019335379
0.279240614528
0.563015485249
0.0639749780366
0.649991280051
0.398749469703
0.332069151884
0.415687603944
0.358040828679
0.47533835942
0.210586354277
0.270986599828
0.348741694766
0.236680833681
0.146085721971
0.30051973069
0.269453458009
0.302006990885
0.320965534505
0.530123456001
0.565479275981
0.412694545704
0.468445828399
0.414430793809
0.346593601309
0.236887421623
0.420904523149
0.331729440114
0.315991061478
0.326595540767
0.152058491995
0.318666957827
0.0751107989733
0.0888607629178
0.0672731934007
0.203820498459
0.343082494212
0.198193273854
0.25371626178
0.305490594697
0.20682557674
0.0181947036723
0.10501097498
0.106284764408
0.138700394057
0.221722707623
0.0336526678602
0.123321350743
0.093216247644
0.0451054616974
0.0777634069629
0.0990550404361
0.0126120398756
0.0365783007347
0.105600776814
0.102284685552
0.0848103883374
0.0858592709127
0.119018316248
0.0522481002826
0.113169716008
0.0933047885394
0.0566680801545
0.243183719625
0.103122063431
0.201202425506
0.217604195875
0.0975545881431
0.227790342281
0.332250060873
0.142595875354
0.460572373899
0.180415533089
0.245313317503
0.243742331931
0.196757188467
0.13606669399
0.0400146825603
0.238441976019
0.263003004738
0.0719711766694
0.116791206643
0.224720254885
0.24349654706
0.184970467726
0.21048594642
0.123215700552
0.233945463048
0.187873511523
0.0119502686988
0.0533723562996
0.420390804756
0.424173014331
0.207407110566
0.493668473014
0.371908806201
0.364631502855
0.3608063332
0.084765773947
0.0685791028587
0.108012032819
0.264217363486
0.200424179495
0.332572437743
0.389255912622
0.192614505522
0.352061925921
0.310890363975
0.452759511475
0.786062550878
0.201563818842
0.548011166514
0.486032301655
0.298785265681
0.313342254063
0.134960471909
0.563798188848
0.576185179826
0.238862968626
0.186277965176
0.536944446602
0.401297778408
0.838264043538
0.867734417122
0.681943249445
0.656641707097
0.483796307527
0.6704941831
0.929964870021
1.00194999046
0.937455407916
0.874837974144
0.757019134461
0.671361529041
0.742124916824
0.555538184399
0.570089424399
0.364574427028
0.160476552541
0.119383048751
0.125964399178
0.146885167273
0.0906517673718
0.125721640432
0.150154878308
0.0724794509468
0.183745363559
0.121698602116
0.0779635493289
0.211633170044
0.140675031209
0.0511079970825
0.149538504704
0.0700760600208
0.102308100616
0.191094365983
0.0366470878079
0.0463522987975
0.225197973389
0.0795155982254
0.132543303913
0.168296393478
0.161454828536
0.0639986363375
0.1740517176
0.0394165747611
0.163867998739
0.188015823862
0.140186594215
0.170405249127
0.195275823323
0.188748566365
0.150662918478
0.163523240153
0.292440154196
0.281333729638
0.141770738251
0.188783847551
0.144479114905
0.153742376734
0.152514022924
0.0642881350979
0.371873759414
0.150817988512
0.349625197383
0.129723959534
0.356892502167
0.209082944893
0.152561107287
0.367502909701
0.323329116477
0.416101896716
0.187986005984
0.509781274119
0.132830215113
0.252420517866
0.303870977775
0.273596965789
0.334583305268
0.315730224647
0.744716761394
0.733612140337
0.429675027779
0.538678927265
0.341089006216
0.229280511264
0.160327292033
0.148069534354
0.325648152077
0.154407192974
0.201385175238
0.196850647614
0.30944606281
0.180955497469
0.394268955743
0.380784245755
0.35138908134
0.734225198576
0.150601410165
0.599866272454
0.449318106885
0.403248881229
0.390980928417
0.122821064236
0.47672379835
0.379456113478
0.321524693521
0.310837465337
0.107143693883
0.0912355522684
0.393611798753
0.482133778187
0.277217300353
0.381931937822
0.091098096925
0.366616764679
0.291586310416
0.296612397782
0.269175455992
0.349215458897
0.219042373644
0.217189025651
0.148948459716
0.338887565638
0.424106504553
0.380026652762
0.215116242233
0.155033246388
0.2668419482
0.221830255467
0.0127263445774
0.0778052452517
0.0678821897054
0.123345560161
0.178007159481
0.223171409851
0.0979934561986
0.0818436950743
0.025472254756
0.0455970842465
0.158775723306
0.0385301496875
0.346824016901
0.134620263836
0.109975089604
0.23983830829
0.0334891402805
0.0949455547785
0.294440048353
0.238097131281
0.165709397673
0.0717227592007
0.188029046548
0.0255615102673
0.228270508904
0.205822943558
0.276969877406
0.108329504654
0.134311287368
0.190933401469
0.168150962943
0.159636282639
0.172110112814
0.0359423441157
0.123154733374
0.0144584193386
0.125239980007
0.0754022770404
0.0539169187981
0.209363060907
0.232216371822
0.200107582939
0.191344872782
0.124460731807
0.054184690017
0.129527295395
0.183322595362
0.0840462672591
0.0999243540644
0.107037828483
0.179811469138
0.202659258342
0.196149685866
0.121684845815
0.172317625263
0.225383815132
0.325542584421
0.379013554
0.51983016801
0.332754179786
0.302696282991
0.214530375741
0.136595471348
0.0693044686048
0.0167260557738
0.11412104364
0.0837031475458
0.245231546661
0.102293548075
0.186075943118
0.15634241111
0.198923736612
0.423752083724
0.188604650116
0.361991734023
0.324963639162
0.100216707722
0.207983610656
0.0585842452973
0.306877188539
0.266690396248
0.0976585103799
0.191065430232
0.14497406791
0.229756597898
0.23543585578
0.0708696660839
0.0861954772878
0.261237212783
0.236729997231
0.337363996766
0.392072431534
0.290029202942
0.283726841277
0.332994654616
0.317177738024
0.390180314778
0.358064292991
0.356682002032
0.209231038418
0.132513043144
0.316757035507
0.402184521345
0.275824557377
0.18972822349
0.0172774345002
0.122275970866
0.0307967031567
0.159503706872
0.11046753612
0.081252518159
0.0472828063416
0.0695740146438
0.194929185492
0.130564415974
0.127011688249
0.0974298788083
0.149019680155
0.059063358098
0.170300808004
0.0514052689292
0.0492407133095
0.0494942121163
0.121348756021
0.0292074899291
0.167687626792
0.146071161111
0.145724888269
0.104995577484
0.138239663569
0.116525447191
0.18357970307
0.104218193078
0.139946231606
0.0772317379863
0.0602616737774
0.179135151289
0.12275299715
0.184669891858
0.149160129714
0.101405551783
0.133202609536
0.175762038739
0.0772151966722
0.138515449953
0.202642589921
0.133140988027
0.280464576785
0.205694174944
0.0797436583217
0.0993811598249
0.0196575535994
0.141373384082
0.0772139372133
0.220492969492
0.107908049159
0.075285770811
0.192059173993
0.186062303204
0.16185536687
0.0726306762994
0.0937773736688
0.0784122408277
0.173592038621
0.223916996914
0.203281947259
0.151608336635
0.149971039154
0.08109230755
0.0578780560411
0.0821609885387
0.038688446662
0.105177548932
0.0845037920567
0.120937711731
0.0750429454258
0.114560774999
0.079585931925
0.0982143266796
0.149891740985
0.152543708879
0.0428027699746
0.24785839876
0.134209761808
0.119187437315
0.25358916048
0.085294653557
0.278911281198
0.116405750816
0.14456977315
0.139523486625
0.144483126593
0.181448157186
0.152687041019
0.0976863222205
0.0271259203268
0.184120368096
0.0141658748003
0.279422102765
0.21246404255
0.0554799718985
0.125339778558
0.0381505658832
0.116513807839
0.159273218326
0.340095722029
0.308201099135
0.229642660274
0.20833502013
0.325395573427
0.292557300595
0.165389713329
0.268874880329
0.320091739282
0.129848323254
0.203365300745
0.157847953225
0.0626349728073
0.084397211968
0.184495559011
0.0727273332403
0.138402868418
0.0593790765437
0.167989770827
0.067556901362
0.0828237341478
0.0987270486286
0.0758180837297
0.0400962567229
0.109652327251
0.0319387173529
0.192143901432
0.0646118819513
0.129140602834
0.0705117002405
0.104318701616
0.0387587010885
0.0684043088995
0.151311539532
0.0493556320355
0.142731182477
0.117687473887
0.108935321255
0.114687971706
0.204817343729
0.193241892393
0.174905852118
0.218070150867
0.128108653397
0.183606171123
0.133923463828
0.170264883548
0.12820159137
0.15172751155
0.235738223633
0.204738351781
0.142632799202
0.105618634351
0.127856530147
0.0708794087415
0.175486034628
0.152826376365
0.0870305292775
0.162629993693
0.196683569225
0.115877527202
0.28485965145
0.231945198099
0.0937417171721
0.154690758978
0.288132867853
0.253206710633
0.184450722498
0.250177415064
0.158532527262
0.127471145261
0.199731552084
0.0456206397588
0.197443203815
0.108114523344
0.097900697691
0.164384621006
0.108417113154
0.0302409567151
0.149302998432
0.299508365798
0.1605632806
0.412991105391
0.480973935128
0.131997893257
0.350133849875
0.237143064943
0.199019196976
0.245956051292
0.0845576965609
0.314512306347
0.232407259472
0.101658362746
0.157925772423
0.0161593921594
0.145170726678
0.145464775022
0.0754734726825
0.265219607221
0.149733609677
0.23602452842
0.470834073633
0.344571030389
0.094858735471
0.174682669906
0.171599524381
0.199893180116
0.0942753267177
0.131684315374
0.13975760443
0.0896587717911
0.253470631672
0.23553317032
0.129773180646
0.345943166981
0.288578267166
0.0694363906397
0.0999676549136
0.238458275432
0.0344834907284
0.140773464469
0.029706404871
0.101190393015
0.117790646227
0.0444994171142
0.157727191483
0.114678785339
0.0694097750578
0.168714784005
0.204947159806
0.140484852331
0.0716325082435
0.0625045356066
0.0366019764032
0.105714126418
0.0769017783942
0.087180103746
0.116805073616
0.159430095254
0.20904414748
0.0951931243627
0.156376523356
0.133976617269
0.11037042676
0.0491203232355
0.0777325591839
0.221054007976
0.181819694023
0.175733554057
0.100081416774
0.161700649892
0.0680016163037
0.151326977855
0.0720793642656
0.109157276762
0.192516686811
0.185583127565
0.207923105642
0.146913060725
0.0551020407615
0.0207369284682
0.0490689439383
0.0851816285917
0.142456272847
0.0253904730316
0.114933801046
0.0949207488719
0.266222632584
0.264611290563
0.170446608373
0.140713469364
0.189013108186
0.113262743457
0.114717477764
0.258498827052
0.225997253786
0.212708208713
0.131120057855
0.121956807935
0.0825201771908
0.148219478602
0.0434897528756
0.102773082095
0.0234205346292
0.125250845336
0.118774049199
0.103268606246
0.032653027998
0.185243847535
0.250793304816
0.181822198417
0.234526783239
0.0972615003222
0.334211384886
0.124640983152
0.230723866698
0.178813522928
0.0754461397416
0.266943332893
0.0462141222334
0.26060241474
0.17529683689
0.276748132739
0.254548250084
0.0726418385601
0.0270249343859
0.164434108343
0.160662986394
0.145395482258
0.262865571301
0.0807947766016
0.169789655804
0.136111490539
0.0313592706409
0.1430365443
0.15345738163
0.179152811678
0.0305568502711
0.353583881228
0.296128166931
0.11312859735
0.144732570867
0.289367902457
0.236341692449
0.1512084213
0.260887973044
0.143856597992
0.168878178839
0.108297749682
0.064245490605
0.144601765192
0.181110724798
0.0743228486449
0.108353797655
0.154544084138
0.123379732726
0.110743317707
0.130824417698
0.047250251296
0.173058161508
0.102566414473
0.181424964003
0.237415263285
0.140190627596
0.0644273946524
0.11269265351
0.0626052053132
0.101188617413
0.176019323173
0.205457137314
0.142679680887
0.110320739225
0.143984287758
0.120877499827
0.190043876879
0.0914588857533
0.213607708559
0.168853220507
0.210789003792
0.0259097740687
0.0394536772972
0.0960237868594
0.192656742225
0.144571874735
0.184502768562
0.229552057127
0.0453466507598
0.0146407479896
0.079495411539
0.0596404281022
0.156720779299
0.0441500675198
0.127877915974
0.101698401955
0.210009252368
0.162347332918
0.260764502391
0.210625443008
0.176100162244
0.172428851198
0.214761577613
0.304252745257
0.274106902446
0.230994310775
0.255082566862
0.160579357416
0.18197733813
0.251928038947
0.0559361649534
0.085125265967
0.0254829918541
0.072459637331
0.133466112066
0.189034147479
0.143966512927
0.241431391856
0.383399284447
0.102608391769
0.367424484139
0.215702154835
0.247664329122
0.389696962255
0.0484076789736
0.328099171829
0.324557102263
0.225862742666
0.282398168253
0.0660793091137
0.296909224528
0.25801614377
0.172360516972
0.132595936993
0.130075249149
0.126378650707
0.308476428652
0.235959507584
0.194180220164
0.182566268447
0.135017544329
0.20176358401
0.169868781275
0.140521136617
0.0370020319162
0.240594775518
0.130697563657
0.137784410422
0.236766357962
0.151747344982
0.17019259619
0.336189005695
0.285619369463
0.240451679327
0.0806540766957
0.122972578295
0.276884994151
0.221946425645
0.0238000718612
0.144718524806
0.180458430828
0.158038606975
0.137804510763
0.167172983413
0.0617132482837
0.117491441502
0.059445466747
0.156231238141
0.172225202648
0.118470050858
0.207078307066
0.178050459839
0.0268358698006
0.0544974750073
0.102728023213
0.144485721532
0.15740704887
0.324041959048
0.181008013378
0.0593818391947
0.108780961503
0.222496365324
0.12557162924
0.182694852961
0.165227496463
0.133036232869
0.122314980994
0.295199428154
0.102256915857
0.12766566933
0.112494394494
0.1605018469
0.148456155752
0.305086180889
0.242728018506
0.190645911812
0.0958601392789
0.178358309838
0.101069767365
0.0589035129345
0.0834150797957
0.0527905921044
0.201891959705
0.323691195826
0.350014179974
0.543466100177
0.528188520524
0.28056058749
0.291644935689
0.384822436545
0.218998448236
0.284935617816
0.31145335651
0.280931228661
0.243612339675
0.158246504155
0.125549710367
0.155817868273
0.156361088222
0.160777905737
0.301293894602
0.100244180961
0.176850695618
0.231429663748
0.28575176165
0.17726671731
0.409508683647
0.160421309545
0.281035249609
0.219256115717
0.305911639388
0.551644240823
0.163937483109
0.434978814258
0.201815538619
0.381885847722
0.31231552904
0.193339170263
0.3859496937
0.292166020348
0.247302556196
0.254381272875
0.339103700411
0.292904413576
0.168164276528
0.149737789147
0.143540514891
0.171695374099
0.198404841712
0.184070103463
0.460547810384
0.29731897867
0.104145847497
0.328273695997
0.116394637478
0.234453384993
0.527549448954
0.470953743568
0.334419434797
0.539002392318
0.689071736628
0.781753376672
0.649613550982
0.69855192431
0.882348445044
0.680322391771
0.522088340754
0.622626115883
0.568439610823
0.598111001326
0.485259792815
0.0700943153656
0.147600790172
0.19193536185
0.367961586188
0.324386240897
0.1419401585
0.0209918648759
0.309279818815
0.302193596846
0.108559561441
0.284468391369
0.107266662496
0.36221285138
0.371549739548
0.252776545463
0.126777895168
0.333114449194
0.308025399084
0.263779890502
0.175621661792
0.195597649423
0.147638765451
0.293413166994
0.225006625556
0.316545033341
0.232568403082
0.357932871576
0.26151936491
0.441182215317
0.291992741794
0.24885782187
0.252423159595
0.146230008537
0.0978955774225
0.324038485943
0.187802317928
0.124136546206
0.281134167585
0.529324671267
0.661148359807
0.855436105118
0.986765083006
0.875048010523
0.747879095993
0.744000854482
0.856661806511
0.861494307208
0.580476334987
0.652403161943
0.501300553965
0.352196049047
0.487361766681
0.146237458513
0.487088558202
0.162746605372
0.459245098802
0.455897335263
0.391148891679
0.382465812779
0.679504491996
0.818702019398
0.26008662316
0.620997111816
0.820775028824
0.397327035523
0.897619101399
0.184469358091
1.09625459855
1.12189293356
0.585525572859
0.926308629696
0.311650984827
0.894341710711
0.824213384244
0.422194642532
0.741988666126
0.137353646676
0.471684245638
0.515448471525
0.432812269397
0.125380446461
0.579628117002
0.85993848468
0.932181191491
1.08822672228
0.418496488956
0.733418725635
0.726324487398
0.552051836814
0.748854617233
0.990052716245
0.303176795616
0.552688550604
0.394003858161
0.750073830147
0.732571277744
1.1224110739
1.48781029495
1.24341458819
1.35998297127
1.53247715653
1.37445267463
1.17194429559
1.19969930931
1.05376423784
0.889259919843
0.887953516547
0.547818088818
0.30087723093
0.034696615268
0.61676156461
0.798931202473
0.417663140704
0.306952508844
0.733624331413
0.335891556603
0.239139222211
0.392871600569
0.263082139166
0.334304071696
0.377628029474
0.532877096144
0.576740055548
0.735799443317
0.659800800215
0.375028521211
0.180868745339
0.546452139572
0.390776605869
0.682780523308
0.97571158279
0.453540151339
0.400483485726
0.770978101389
0.801720521237
0.518093125571
0.443617872469
0.664432027376
0.726792432343
0.322985269769
0.375891676275
0.448748832125
0.442440273354
0.672932187684
0.605848744638
0.859730075761
1.40110641107
1.9986322603
1.91774835792
1.39450885502
1.3242383605
1.37130661987
0.838557673815
0.891701235608
0.724309209273
0.449252694355
1.03520421732
0.616383789601
0.582043211714
0.572374149342
0.788084187726
0.794867377104
1.05496674537
0.831862171448
1.14861895262
1.58082574782
0.769737098858
0.95671771061
1.23897638939
0.710993547013
1.22598786976
1.155972619
1.2921031021
1.82800696978
0.7334142151
1.70055398092
1.91634700369
1.78244269452
2.15606305509
0.219717999922
2.10314587695
0.787283655416
1.3209071764
0.577642411349
0.806339963408
0.841885584914
0.961994648903
0.972773607255
0.48844817305
0.803125670032
1.27740574204
2.38171129739
2.41901810008
1.35469883953
1.87508953108
1.34521167175
1.45064600993
2.40913701394
1.83539908779
1.08798622843
0.671258702935
1.10686546309
1.3735068309
1.87588540728
1.97742813884
1.96517710786
2.46261381748
2.67492701649
2.25892473945
2.39554993242
2.875262705
2.65624984282
2.50247572291
2.50019875131
1.94196789015
1.89016047393
1.77821352003
0.495420146118
1.108477581
0.266881775376
0.646380615158
0.882564273765
0.770007319599
0.689259881082
1.01237082056
0.624210789507
0.804074588036
1.15567655275
1.0023184428
0.657864880893
1.38339521616
1.24103570115
0.477339787905
0.226391700058
0.98025755615
1.32046653078
0.752085063608
1.04636061073
0.900512810432
0.860104363083
1.28144115003
1.66633915062
1.22067748961
0.718291408192
0.656228908535
0.611377841713
0.3317537422
0.390676709894
0.541149233788
0.530642584735
0.993916499047
1.93067164587
2.10351708706
2.09387925699
2.51088043246
2.49298244076
2.11799829927
2.00590895232
1.93107016323
1.35946606866
1.00313609539
1.3016443542
0.950326860305
1.18301738656
1.05791408663
0.381422987214
0.675789738434
0.933114941405
1.5517633225
1.25054692345
1.17335643213
1.64409913114
1.96538403732
1.48983580423
0.679453302758
1.48080532478
0.753174319553
1.2868850421
1.76128444932
0.451351890542
2.3279143856
1.65245655773
0.700442846898
1.52427069191
0.717097189732
2.40621046859
1.66480904975
1.31282036364
1.82302129222
0.3382856974
1.25348676236
0.957890202724
1.5492722592
1.07616300543
0.768048746504
0.369315305266
0.72476301171
0.455081647399
1.07301203556
2.04629092522
1.2418669355
1.29702028718
1.85437874079
0.832448658242
0.57971238384
1.19633783293
1.15239731012
1.19103411595
1.09180122943
0.532283430785
0.369049153681
0.408558562941
0.162168092452
0.964239207223
1.47763388387
1.12415998335
0.970649061638
1.2142798857
1.29170321055
1.78970702443
1.78523339524
1.17192635794
1.17114882416
1.40604615111
0.888008221985
0.226081127534
0.540219483416
0.0371607830775
0.439378947453
0.586916050232
0.584526907951
0.793496700644
0.751816891455
0.405696797107
0.280294968524
0.349716003779
0.157138440058
0.348730443811
0.631978163451
0.567083517153
0.391580843068
0.662510896205
0.537465991851
0.541293539274
0.0451831239149
0.324455561247
0.484705575159
0.588833950975
0.562619160668
0.684204547569
0.464703670805
0.399119027118
0.450412169153
0.354358126162
0.0524278074962
0.32944174567
0.358289845475
0.450221417068
0.981447020272
1.50933533434
1.44064054389
1.28049441255
1.20892878449
0.98807516509
0.597007840328
0.293762979287
0.505412056401
0.554314664855
0.213024020753
0.66759655728
0.359319508774
0.424480323022
0.238811768529
0.424355526284
0.721124133868
0.694827039407
0.776253580033
0.648373771136
0.526269679587
0.255760173999
0.332742348457
0.447836319999
0.207825442933
0.44599163456
0.21532578124
0.594748297976
0.946084838078
0.38962625937
0.447765316514
0.57277257406
0.733533433675
1.02094677824
0.208013780516
1.41681993799
1.08137527394
0.228222203875
0.449246013896
0.299048844572
0.410209902799
0.139214384148
0.354800180376
0.191748133151
0.180972703784
0.0530515005673
0.463699678832
0.319484915849
0.286326395395
0.544568668017
0.480636166679
0.956321854149
1.10800355219
0.768353756562
0.450970570915
0.611151545802
0.581046045533
0.791812843174
0.651442934991
0.11584496414
0.108101355042
0.129308733302
0.280292171967
0.289381593875
0.361277053492
0.537081252734
0.421079506317
0.389261577356
0.617108662314
0.663759940213
0.4143194953
0.468390577436
0.738430230019
0.695360743688
0.249423545427
0.439730643409
0.350936080602
0.127626288993
0.0623175737519
0.153477771721
0.290652813029
0.502288155498
0.391705425221
0.0856887835325
0.238180387193
0.074960831148
0.19012143645
0.266704379643
0.237410911465
0.0786457281035
0.380418424459
0.453275546126
0.359925672441
0.282147397309
0.191130008468
0.120714920641
0.23018179094
0.412993352541
0.544603688599
0.509532045893
0.267204928946
0.191239691715
0.336256441867
0.299590411794
0.106224312642
0.280054827309
0.579937245674
0.748205143001
0.879743247903
1.21844012794
1.21439357946
0.709144415415
0.494029672034
0.556777956087
0.566124547404
0.475693424188
0.439546665973
0.181446913297
0.317829705612
0.424429664406
0.129547864264
0.164718659607
0.323342586451
0.469477219025
0.495817960088
0.438595380271
0.400325661236
0.334061355677
0.17218894098
0.173364900145
0.342612074277
0.206883816028
0.300687243265
0.407467206867
0.069275844918
0.461772171586
0.342925878395
0.313529518253
0.548048775997
0.115539587281
0.659079279785
0.300345657968
0.577360374829
0.676403551011
0.139061958145
0.645082542107
0.249278389923
0.508006868245
0.369955066652
0.289486554927
0.292905298135
0.11595700616
0.265483930283
0.261276129347
0.507725430852
0.226384119945
0.358613148114
0.237519849242
0.232472198734
0.554605500307
0.721407739128
0.549708856997
0.451792709561
0.536000785748
0.235778573766
0.667276988868
0.434893487303
0.27527553268
0.385254165802
0.239616901793
0.107781998413
0.243113349131
0.443771332816
0.376580306023
0.135466806294
0.316413055956
0.745489176047
0.71997043782
0.681940514973
0.814796308963
0.786223386046
0.532735796653
0.487967341905
0.654929256332
0.412153533923
0.154504962339
0.0899279979698
0.206568738236
0.403822057818
0.263327884811
0.090205572618
0.177110028485
0.201926196739
0.0538023768638
0.190458733361
0.104704454249
0.0447089892264
0.317343071848
0.527300418614
0.406949163016
0.347465995475
0.291976153495
0.0943443714156
0.07709125843
0.386370481501
0.479991465483
0.294565852606
0.210995535434
0.0354202334505
0.13703937728
0.178310879893
0.147486286883
0.145783830542
0.328461262122
0.427409101677
0.525358542862
0.665403555257
0.809479723467
0.584332388326
0.351064658187
0.163800585668
0.102029188854
0.162665843859
0.133971857905
0.204478211507
0.0611584457912
0.350676913656
0.338424681723
0.144271685642
0.297644984704
0.447649899888
0.671065674965
0.613797104835
0.473718501071
0.356405050537
0.295227021043
0.198301067998
0.198128326278
0.36802044197
0.0475447072434
0.378957256331
0.475489918042
0.198565396327
0.373598731661
0.439703321363
0.446158954566
0.594405407747
0.0548142245478
0.814412446981
0.54514262025
0.421274767776
0.523519406439
0.244604856249
0.551624141706
0.248395122211
0.242523736195
0.0875143514778
0.262020752622
0.232659013317
0.200909908424
0.25686269005
0.129865647176
0.245461719516
0.0865025280568
0.235634260318
0.171768934056
0.20103972653
0.448227948852
0.496234238784
0.404946894868
0.54404969195
0.431635141848
0.27323266852
0.378636708141
0.223808685639
0.181838563151
0.123544115247
0.11223026672
0.110829858078
0.11933494975
0.283190573722
0.108244841302
0.180820563751
0.4262001199
0.45477173558
0.368446865313
0.521932174669
0.657291694535
0.597242297965
0.569558899596
0.752492772936
0.758594523613
0.608875892705
0.523029507401
0.349473319131
0.186659912173
0.198815008748
0.151349216406
0.0874190147768
0.26063465141
0.120324753786
0.136950943853
0.0663796872546
0.0296995633325
0.132588022715
0.332135398411
0.498179091945
0.380252701948
0.253726230378
0.193411157355
0.140231547504
0.152361604972
0.330607212649
0.310817933204
0.175326838633
0.0565697975558
0.272441792257
0.255602369393
0.343838628883
0.328411596214
0.242974850915
0.446985435078
0.643642816979
0.628572391045
0.568948370543
0.523750672524
0.350314734845
0.124143323303
0.0263879550596
0.19969754581
0.268091563294
0.152280051807
0.186012381859
0.0889433112713
0.20994612814
0.0832303772736
0.334934636759
0.471949989545
0.554100009788
0.525875282613
0.392461782579
0.310519254598
0.161463741821
0.18201205201
0.138498571486
0.184561010829
0.300254524228
0.135196492946
0.470233854903
0.448047480695
0.145848957638
0.401846089353
0.345150850262
0.571335731604
0.629764512015
0.189503617541
0.749054418019
0.216696125147
0.495567839037
0.249320710178
0.405617135754
0.547349231093
0.167094913618
0.242306447577
0.0509494760497
0.311504753688
0.170971828132
0.249226905045
0.192956665233
0.0986069371377
0.163142243497
0.22212148804
0.42069396827
0.308789530961
0.157747591603
0.388049227027
0.313185096316
0.525995557518
0.684073958774
0.508895872676
0.403764036464
0.252066592509
0.257381190806
0.263895230281
0.214177687326
0.195439047189
0.134750162602
0.0810868488155
0.126115686557
0.174019797737
0.182353930939
0.143238083588
0.127303371892
0.249025528588
0.486105949656
0.460875647538
0.290249380508
0.422467699334
0.528751922826
0.544752319525
0.48997453445
0.384098266319
0.154855636803
0.0701563683154
0.0192158001901
0.126351863703
0.230274908479
0.246217950932
0.234837343891
0.18466342434
0.0814231346005
0.138782108082
0.236369588
0.394372609502
0.484984217532
0.3297542269
0.150887099315
0.176634872971
0.139716212068
0.0962435219955
0.231453014065
0.198080405911
0.0527460745606
0.261784859876
0.407000595324
0.316566328053
0.237958539863
0.269980955105
0.230079209043
0.426177250568
0.587275096709
0.455568213268
0.265528321565
0.228310424113
0.121574504885
0.0958624323484
0.0474413821661
0.192961789501
0.208543426195
0.13347546537
0.170568851572
0.054198199345
0.105154851558
0.227973317346
0.509647814204
0.404136480871
0.30932093858
0.306092282833
0.125534499255
0.132540160353
0.115791078047
0.1458355096
0.0750533356187
0.212934721166
0.165789394957
0.141628876947
0.223911103009
0.311712147746
0.314938761312
0.312374165402
0.167731476908
0.65922600821
0.466137064496
0.288052890573
0.528991652636
0.260747364253
0.537373211031
0.168151469766
0.340520596762
0.342632759371
0.138596599355
0.137585563052
0.210072156595
0.33504803222
0.110112323326
0.156143698263
0.0275737406676
0.225190533504
0.164166245114
0.206953239544
0.493700376233
0.319794884486
0.0744795422121
0.211802104558
0.237553926455
0.51533815095
0.632685214461
0.617685188915
0.536672983187
0.412664642165
0.234770543216
0.236948765364
0.203343926902
0.151646093275
0.0950147604189
0.0800647951853
0.0391430618999
0.175654058908
0.16209639627
0.0526279474427
0.212977241355
0.551519805399
0.617704270781
0.479118306442
0.462907995847
0.631470684795
0.928905711813
1.06479290827
0.829046305936
0.491218444105
0.327886292718
0.272856217786
0.135381406789
0.0129180934635
0.124719010407
0.22117965022
0.217811591791
0.122702809872
0.154105539562
0.231641688168
0.332215813278
0.418850206076
0.324276882876
0.21205053222
0.121175317153
0.0477664532178
0.0698018298841
0.168613749616
0.145122752454
0.0492329891678
0.128228372456
0.335400206149
0.419269752167
0.393338910032
0.410183798866
0.42219428991
0.37417568671
0.480183521817
0.560040702007
0.402219002631
0.167602065218
0.100810676243
0.192820109177
0.150767177357
0.113827515465
0.257179931005
0.143961719798
0.0399837972272
0.119803886689
0.21720427656
0.0758240541329
0.389371337673
0.634169651545
0.481667072689
0.289169520458
0.186379396024
0.0879243436195
0.0690581659523
0.32026208409
0.288217905552
0.248787860317
0.370252006479
0.370595400039
0.339876604259
0.517615502131
0.540219834882
0.539394576328
0.351988429919
0.427088345986
0.691672740107
0.451688137063
0.479399196122
0.454821230953
0.530432112201
0.473329225666
0.233902783377
0.383038564829
0.274060231267
0.196524519946
0.209166251058
0.262403394596
0.208676054173
0.16525498326
0.107466797618
0.165044591653
0.239073249247
0.0161805963084
0.322680942831
0.325673076993
0.294801732898
0.168137653605
0.0572121162648
0.19456341806
0.344441196753
0.412925917015
0.568955976998
0.565077838735
0.365730814716
0.0886487727168
0.160482601068
0.257819278406
0.28897527991
0.281038309512
0.134261354904
0.12012122254
0.0967489891048
0.111351895355
0.148029871946
0.0354397937339
0.111020939126
0.207866600087
0.272416777468
0.311360359696
0.328697804565
0.463230266665
0.514436228619
0.479488951558
0.375589421439
0.29163032302
0.219887600042
0.11571086087
0.0614616887204
0.0857670636822
0.129391211192
0.206296634821
0.11777652915
0.0838358781695
0.130012540051
0.110215118711
0.208370390511
0.280016156051
0.216047532177
0.0985726797023
0.045127738297
0.0929815231319
0.118999581062
0.0942044583004
0.169710725858
0.146264289808
0.139291315423
0.130710460674
0.0806104643965
0.0267423736958
0.0838246901865
0.0835346426341
0.13355251393
0.004065048189
0.104011864074
0.0890000413422
0.0715083833596
0.0426202728533
0.111969642889
0.0644625956369
0.0715978860146
0.0765202785962
0.0720572525182
0.0999436910681
0.170068093066
0.0847490665418
0.197075929215
0.102445612623
0.0532854346724
0.0710393589269
0.105072875796
0.133638669027
0.0599626405296
0.0657513318587
0.0165887282177
0.140466101483
0.0505041742499
0.16360860739
0.115588051904
0.164096808623
0.18805023989
0.336119797398
0.143713966971
0.274186275031
0.217112162562
0.343285114882
0.317100412972
0.1835391084
0.372693440128
0.187493417456
0.189746761612
0.175924413393
0.119855356103
0.0974055974686
0.0680493980541
0.0592549843435
0.103490547856
0.164790985074
0.0901087219333
0.0980032415886
0.0367287439296
0.134530178592
0.148058646346
0.0989029357415
0.134277569396
0.0865450002679
0.0377117975512
0.116789835777
0.138894461471
0.172485950899
0.27357395977
0.251674455258
0.164726242113
0.174699340075
0.187639773442
0.118163931582
0.149443720617
0.185051761194
0.0533378556957
0.115897176686
0.0599154711846
0.111363603236
0.104641136582
0.0908796398898
0.00670215809729
0.0870845638327
0.186666291765
0.272240087181
0.239518844738
0.304109729808
0.379151827392
0.379576934266
0.363670898634
0.26305286866
0.199886698348
0.187921485841
0.133598498929
0.0688122559048
0.184743590507
0.0962968428057
0.175071028837
0.163338793737
0.0582104451744
0.112345962868
0.0278234935124
0.00909477154311
0.0185124299811
0.102932327223
0.0838276112279
0.136834208787
0.104232083077
0.131646828074
0.21672018636
0.255681174764
0.219792616192
0.122468773352
0.124021734895
0.202447062736
0.133071016123
0.149310434382
0.115278193805
0.0244544108802
0.0969093733888
0.0758015538214
0.0922122591592
0.12377567556
0.0787855795597
0.136918911269
0.160596315363
0.136817500221
0.0895556187227
0.191520232976
0.186352264517
0.126750679797
0.179301417148
0.0457578401182
0.115802813574
0.165632655783
0.133098884641
0.0282297645601
0.0820415498061
0.1077797026
0.144624939097
0.0617808602537
0.182245862582
0.166043917039
0.155032264841
0.0798889720839
0.175037511311
0.0998290613879
0.110669867318
0.132952148987
0.0708531697184
0.179609369874
0.0682058619975
0.211512624818
0.0947899777178
0.169671702714
0.181884615152
0.0195129689909
0.113704857689
0.0355439995169
0.0405800652637
0.0797893390799
0.132513152136
0.0837493108826
0.0604297388296
0.132731252695
0.0780726531915
0.0963156834999
0.0436155341588
0.0659195175385
0.0501473268387
0.0519852212048
0.00741879551123
0.040133097283
0.0696250557828
0.117761899542
0.118966140857
0.0854976811875
0.0517567101451
0.114030240149
0.0694659896216
0.0120063626352
0.0778924325388
0.0680631992268
0.110584048171
0.0738395188398
0.0787416017278
0.0441183794858
0.0215186421145
0.0204876781215
0.0417410409388
0.00471093542578
0.0526492271748
0.0623642950689
0.0408413521504
0.0353090563687
0.0722538983158
0.0963764740345
0.0618559511452
0.0715893378676
0.103348952207
0.117591736038
0.073166082769
0.099615250706
0.109795649914
0.0495346863695
0.113885271409
0.0657633245426
0.043716001862
0.0242919568
0.0324887226789
0.0270955724771
0.0593647690958
0.0549414183537
0.0371284696934
0.0786235970708
0.0753898288239
0.119366806292
0.104263349579
0.120929721774
0.151741830767
0.148983540552
0.126711877693
0.160102147715
0.132520427277
0.0942807430252
0.0790887669326
0.0673699691008
0.0194661374334
0.0916750945239
0.0697294573247
0.105678548969
0.149731191903
0.11007232006
0.0945950295273
0.109600758406
0.140320716378
0.171639712127
0.1888937296
0.181993401562
0.13785383731
0.13141104454
0.1364740235
0.142344037305
0.142687145674
0.142814390083
0.0739419790225
0.0992568340262
0.107705594746
0.110989850219
0.131065219376
0.0459830514911
0.0563308438395
0.0684284693264
0.0728678397843
0.0233714336504
0.0467535570692
0.0436058744388
0.0907518260152
0.10858055703
0.0838785974673
0.0914297468162
0.0598815837742
0.057914248154
0.0528181761514
0.0597304296105
0.0430130932297
0.0514885288137
0.0221504676785
0.0715440481783
0.0888351041864
0.0528082451282
0.103873223485
0.0548919365646
0.0433681535943
0.0346710488736
0.0402116446874
0.0524024542873
0.0196563375391
0.0453194827046
0.0582945160507
0.0203586522435
0.0508949249339
0.0553799552386
0.0500180297476
0.0634101115525
0.0846600851457
0.0155974124886
0.0706004317956
0.0546892588848
0.0238153028031
0.0444300679413
0.0368976568421
0.0801859064714
0.0678410997928
0.103770351212
0.125111145328
0.106050386617
0.112826479855
0.100346045424
0.0754892521279
0.067931052577
0.0704129391424
0.0212942564728
0.058910832966
0.100915985637
0.194587604828
0.222105336759
0.149403455184
0.191351612845
0.216967298521
0.0869829994156
0.15121987039
0.156334263348
0.147336936545
0.122233042244
0.0772430178712
0.0480310430842
0.0122058742789
0.0349901145825
0.02877168764
0.111044848781
0.196804111769
0.198897038667
0.19994442899
0.148626346473
0.127884385653
0.151420407412
0.196969349413
0.140017492234
0.126245418365
0.0886618352739
0.0852143868055
0.0675588647642
0.0267576063443
0.0496519371035
0.0685410532353
0.0417068100363
0.0624968025211
0.0910824545058
0.0325882796746
0.0527928501561
0.113883424896
0.179582258203
0.115060346192
0.114783725984
0.0671781817638
0.0680436940626
0.076517626331
0.0734062580923
0.0691949411339
0.0689224968794
0.0470085162028
0.0309276679384
0.0381211531688
0.0486252458922
0.0873288144905
0.0543165604567
0.046522376169
0.0146714714172
0.047589085346
0.0211773822295
0.0311570516652
0.0847216932317
0.0432527745326
0.112708836173
0.0857820089141
0.0923130940547
0.0935996366937
0.0801462750826
0.0981575632049
0.0845778033756
0.0909208680059
0.0767234074527
0.0652560824739
0.0930205284326
0.0929967512466
0.101692334418
0.0824698654844
0.14087522971
0.0616897649938
0.0121847807142
0.0536198429686
0.0418415193637
0.0504248165015
0.0133723737962
0.026054163562
0.0171191948773
0.02938173491
0.0489957401219
0.0581372745447
0.0232480418355
0.0507189687581
0.0600531827417
0.0228063852685
0.017864984727
0.052911493296
0.0153203900344
0.00882048013998
0.0315653539538
0.0444715086789
0.028893226175
0.0213263098717
0.0493544537511
0.0271970635394
0.0546162686804
0.0295961914813
0.0251377185241
0.012069469692
0.0357344086754
0.0168071125937
0.0193569371002
0.0506955251593
0.0381702076122
0.0668644262016
0.071869053285
0.115966211108
0.121801706558
0.0736330997563
0.0429116446832
0.0797580419753
0.107286177944
0.0862220208191
0.0108442688692
0.024263674543
0.016915449927
0.0160031746625
0.0297189246602
0.0448802664082
0.0915423976
0.113955323207
0.100370068566
0.0625437920989
0.0588972825862
0.0648771567667
0.0796279884917
0.0592891066379
0.0512321404495
0.0454016973344
0.0225420536523
0.0357205165721
0.0230803200016
0.0110496555678
0.0634985949012
0.0670197964197
0.0555816874119
0.0599474750228
0.0448748943412
0.0618362865245
0.0727374589682
0.0702707720269
0.0498422362092
0.0359345274993
0.0559614597654
0.0586847402131
0.066891357027
0.0652279288453
0.0430046181428
0.0468795327734
0.0371776847498
0.0201344873537
0.0468698503266
0.033080841071
0.0629414008541
0.0286992826525
0.0136084140257
0.0218181155237
0.0319907449846
0.0346250778878
0.0246261192406
0.0388595506459
0.00704610469024
0.029851397308
0.0234933813518
0.0264919512981
0.0442426382336
0.0294148080507
0.0359615130409
0.0343363269089
0.0295541987351
0.0316151751613
0.0338430813277
0.0299474900087
0.0387465311275
0.0386909941235
0.0249415956756
0.0436004269916
0.0161717043509
0.0165911871344
0.0177533577799
0.0119484845482
0.0191851030058
0.00171393219166
0.00611197185076
0.0245081430851
0.0250870470413
0.0165689568087
0.0291296669463
0.0182370785387
0.0234636005353
0.0158481359598
0.0187311137563
0.01887927284
0.0189981585531
0.0156850512754
0.0118458709025
0.0100816655135
0.0204529631685
0.0165342955205
0.0320480115723
0.0391652342016
0.0201079326765
0.0340164355627
0.0203406281928
0.00430531586093
0.0187627012752
0.0218203298075
0.0167345784719
0.0225471269782
0.01946610742
0.0284269400778
0.0140535790696
0.0129617416318
0.0131852145477
0.0101158766218
0.0278891283543
0.0329967385277
0.0183376842387
0.0206889163448
0.0153352202446
0.00376442322798
0.012974391593
0.0128327392941
0.00481953812884
0.0101449569384
0.0121926602281
0.00842357036528
0.0106676800492
0.0169855444628
0.0122221857314
0.0165495534316
0.0286277065148
0.00331234761514
0.00596284240258
0.00476598531579
0.0150524014197
0.00980061139466
0.0160355763329
0.0159444283188
0.0101146974582
0.00780303137513
0.00285535378189
0.0251304095615
0.0101731382273
0.00468541016446
0.00458720936445
0.0216847873663
0.00838378672686
0.0125589837897
0.02224158392
0.0201458394421
0.00932358232845
0.010550719369
0.0127230947775
0.00475403709314
0.0207568030742
0.0116674014483
0.00743854085142
0.013609328936
0.0087738728714
0.00736543378008
0.0106043568884
0.0105763181185
0.0133515550586
0.0134052999587
0.00843070416798
0.00657852690013
0.0100572691674
0.00474039871338
0.0103837859236
0.0163584640542
0.0114984075718
0.0158642230773
0.00663419567724
0.00945365745046
0.0144295677948
0.0182458040678
0.0133454792327
0.011491538071
0.0109066993466
0.00664634932844
0.00190573821925
0.0153569276481
0.0185077984571
0.00173432038395
0.00850789360481
0.0192017338538
0.011640796095
0.00797573659626
0.0144545854096
0.00674845466701
0.0126657463431
0.0135791943513
0.0115111857223
0.00571131786708
0.0138353470771
0.0277112431045
0.0170601118239
0.0237164100787
0.0128119346883
0.0165275260974
0.0161195042084
0.0201358158507
0.011990493703
0.0121836512408
0.0206630402823
0.0112397053287
0.00712980865418
0.00640682133158
0.0129226003748
0.00711253137098
0.00788364756724
0.0161687400277
0.014448087379
0.0085275539004
0.00351332855182
0.0137532179696
0.0187352233875
0.00527372098994
0.0106041834801
0.0222126149635
0.024473682714
0.0250960265908
0.0306971168486
0.0272342990058
0.0141542670045
0.01443774574
0.0210464481417
0.0184718584811
0.0254123715526
0.0234439582656
0.0166511865824
0.0178888181447
0.0183905707652
0.0280210486592
0.0289604298609
0.00803335566474
0.0122644558111
0.0197341129441
0.00122189457018
0.0150493387312
0.010470939053
0.00444052191411
0.0106994301517
0.00693555302228
0.0150837048404
0.010042657515
0.00553730794179
0.00616058726039
0.0077050150272
0.0130868895094
0.00755993835185
0.00392528457919
0.00849064382026
0.0105759890805
0.0122400282769
0.00737582636882
0.00460209320182
0.00463017325913
0.0107523083926
0.0138922643765
0.00593904661011
0.0212318657829
0.0224839843475
0.0129998500848
0.0162316168433
0.0149807672761
0.010375148089
0.018656882091
0.0285982198635
0.0115499912413
0.0055839942289
0.0112993318118
0.00699434268156
0.00713511430979
0.0094548832031
0.0141363438553
0.0125494572862
0.0018925321899
0.0170437387179
0.0183403812707
0.013417507073
0.00948213126929
0.016515361671
0.018857732624
0.0138779115593
0.00772129417451
0.0167979808881
